-17.930055210865667 -3.7497156396807365 
-15.832456460901323 -7.715049909211871 
-16.47648922926973 -5.937124907015577 
-16.235173620795333 -6.957976022597128 
-16.940295065660926 -4.025036559332246 
-19.812394882532082 0.20166956971342345 
-16.289468609330825 -6.607698029175538 
-19.738533602616293 0.18600655794434198 
-16.274822661005512 -6.690689801360735 
-16.3895725345955 -6.310931424429642 
-15.272774000549486 -8.993576459407443 
-15.352943841116748 -8.692508477090753 
-16.44329260091682 -6.07795901293789 
-15.439611678325328 -8.308769881790008 
-16.520168504870846 -5.460988664245889 
-19.12309229460241 0.17790812609276485 
-16.32109582025609 -6.540953874052073 
-16.069206617795775 -7.448989075216524 
-15.635510263912606 -7.733412546233403 
-18.611986902319124 -0.8797513412412976 
-16.667118281452048 -4.992112201630878 
-16.129515500881418 -7.236266972181617 
-14.875369392424407 -10.559383354868391 
-15.294493209126104 -8.866270777374256 
-16.09467935531231 -7.307169950687691 
-18.76403086211789 -0.6153835615367974 
-18.59636880168961 -1.0482625793262064 
-18.00756969055115 -3.5069095661538294 
-16.517703530303418 -5.50843257682193 
-17.045722800867715 -3.833160074897177 
-14.959446632549142 -10.21913657506496 
-14.683969555556375 -11.098185957751168 
-16.676103372901892 -4.945929330189048 
-15.516105345243393 -8.10738611497429 
-14.609233976888564 -11.325862920791916 
-19.79807641061312 0.1899470405019489 
-16.709266356163894 -4.78388162161419 
-15.549527297020678 -7.973361376397188 
-16.127534450279867 -7.242589788404776 
-15.002376468769736 -9.896131432002386 
-15.476035131893177 -8.26058688351952 
-15.405548505764418 -8.51394635988097 
-18.29456960846162 -2.3726986965814243 
-14.575196447021707 -11.386511833540407 
-16.19180435151716 -7.125872470147679 
-16.516813260104406 -5.725104189712642 
-15.549426727461835 -7.973811107740444 
-14.826504368392222 -10.747333443969126 
-16.516813260104406 -5.725104189712642 
-19.15069000374708 0.17938526041210445 
-16.53581014501229 -5.446879570558897 
-16.516813260104406 -5.725104189712642 
-18.454039822726898 -1.5981040134841256 
-14.649241122802174 -11.309448622443764 
-15.516430533129935 -8.106231499087876 
-15.119290128940643 -9.580259106959307 
-16.760806543601305 -4.5146673818218135 
-15.464547511675839 -8.303769974382405 
-15.02574442777135 -9.872599590264295 
-15.007176367532402 -9.889185399097737 
-16.133778198586775 -7.2248338126984075 
-18.026160285292445 -3.3770511583200276 
-15.204537049962696 -9.30353298497586 
-16.152230464729556 -7.172193152713882 
-18.067904456263292 -3.3108831160636485 
-15.168434208173355 -9.338757135276438 
-18.027672895162475 -3.317620014581285 
-15.000167226287003 -10.031235166701252 
-15.131520089580967 -9.567794915296219 
-16.44630910798884 -5.946821938643421 
-16.194784295937044 -7.112236135352898 
-16.086819387110737 -7.348844997216065 
-17.84155618713082 -3.762333497809112 
-14.907012297171843 -10.509556859144867 
-16.806465259029252 -4.3972599088307405 
-16.563718177229262 -5.3390218100488465 
-18.25079489474947 -2.7550995969583973 
-14.978935891223164 -10.2065487414535 
-16.256732664022692 -6.88956767268899 
-15.905686694960359 -7.699256563980719 
-18.36370383807995 -2.021494743318252 
-15.204537049962696 -9.30353298497586 
-15.524312316714534 -8.056636544969596 
-18.85104111005976 0.034887228001604736 
-16.75086396636074 -4.5836457998838975 
-16.492485798929984 -5.822490597928514 
-15.038654514324616 -9.805516338194288 
-15.002376468769736 -9.896131432002386 
-16.667118281452048 -4.992112201630878 
-16.98482127763635 -3.9197037426223975 
-18.144027228059517 -3.1754048710784177 
-15.905915836894554 -7.659056938991157 
-16.721499420686932 -4.721444811814856 
-16.4997676357 -5.809361249702338 
-16.92107083317942 -4.028796346023252 
-15.618092984795162 -7.7847884849877005 
-16.65507228376192 -5.01232131502401 
-16.85137385002066 -4.163522148592199 
-18.027587086240203 -3.3415118970215745 
-16.59429549871998 -5.18637006680345 
-14.776554222598087 -10.964742896204474 
-16.33941502810159 -6.405107845271516 
-15.272774000549486 -8.993576459407443 
-16.82167524060315 -4.353617403220011 
-14.939687287546157 -10.232296155077574 
-15.474176267729558 -8.268525339502975 
-16.65507228376192 -5.01232131502401 
-14.694474837936879 -11.06428670627767 
-16.87558624677507 -4.127484512753068 
-16.267493452955694 -6.787897904354985 
-16.36541359735145 -6.385438077721751 
-16.389839108779377 -6.155876573764483 
-16.32074411234766 -6.579305655857239 
-14.609233976888564 -11.325862920791916 
-16.64378565197432 -5.046234815958246 
-15.326373287527185 -8.82274458577468 
-16.160437766547695 -7.135135485472735 
-14.551075967937397 -11.47455099216487 
-16.194510935541608 -7.1204859523720945 
-18.636490416200346 -0.8429851916856054 
-16.79193745348988 -4.45232744193766 
-16.28827956469938 -6.656347845500888 
-15.231368060864973 -9.011195719883336 
-15.329281166930846 -8.770692913670356 
-16.14771829107884 -7.180147402552063 
-16.515742496824192 -5.740888293393768 
-15.571952519752905 -7.914974259084898 
-14.711907807573606 -10.988234413550384 
-16.87975359515695 -4.106450477940645 
-15.549527297020678 -7.973361376397188 
-19.733267206090872 0.18245653851460633 
-15.221588384942223 -9.273995497678552 
-16.87558624677507 -4.127484512753068 
-15.515981202822363 -8.107946441822962 
-15.157071833970095 -9.500768246609574 
-19.07620153607474 0.11773195380784995 
-18.222334595280948 -2.8969025761836336 
-15.405548505764418 -8.51394635988097 
-16.516813260104406 -5.725104189712642 
-18.377173717692877 -1.5982485197359717 
-16.400360909729383 -6.144932275683277 
-16.540217527987245 -5.426061653310748 
-16.73183815054115 -4.602896175543954 
-19.11226212461414 0.1554631597098123 
-16.516813260104406 -5.725104189712642 
-16.948172976439253 -4.005751041255444 
-14.91188164199173 -10.411079938897966 
-16.881265673384497 -4.0474439159844815 
-16.149610677671717 -7.179037438638424 
-14.55136255782989 -11.473256047392615 
-14.800475372836122 -10.948423957786868 
-16.65507228376192 -5.01232131502401 
-15.078509293077387 -9.766897086741928 
-14.848607057954329 -10.575094658870315 
-15.118088732489738 -9.59412563855205 
-16.26221633795661 -6.869489241213758 
-16.516813260104406 -5.725104189712642 
-16.775264055182237 -4.4801953280882465 
-16.87975359515695 -4.106450477940645 
-15.028473340818982 -9.870788802063366 
-18.83038595294233 -0.28119609862953704 
-16.65507228376192 -5.01232131502401 
-14.711907807573606 -10.988234413550384 
-15.549527297020678 -7.973361376397188 
-16.124259801604858 -7.252899701379173 
-15.118088732489738 -9.59412563855205 
-16.516813260104406 -5.725104189712642 
-15.503693273722474 -8.10947732205733 
-18.813121241970205 -0.3503390396718337 
-17.99273022240817 -3.625630642598753 
-18.778083829930722 -0.38891134012197104 
-15.41934276548604 -8.455629160687451 
-16.516813260104406 -5.725104189712642 
