0.015424340940604853 -0.026166537042999205 -1.1212786351711772 
-1.164105923257895 -0.005452763456127552 -1.1725745550677869 
-0.9520115902350403 -7.566332034973922E-4 -0.986023699534615 
-1.0441479417895787 0.014120229726808483 -1.0411830220326588 
-0.5786109005045814 -0.02299691294320371 -1.0943444030354896 
-0.035195986037690086 0.0182369964736942 -0.05148156004883628 
-0.9628462639514501 -0.02560696944571559 -1.0894479873620986 
-0.008384498959556216 -0.06261818860764654 -0.02757185189789446 
-0.9950251612693898 -0.05344993930637698 -1.0635621015864936 
-0.964793692963332 -0.006830354987538152 -1.0262176536951069 
-1.0224432465119253 -0.870567856060019 -1.0367004041885173 
-1.107277954194364 -0.7663019543291336 -1.0473936296582709 
-0.9719793092446203 -0.008105869054190862 -0.9861098009807895 
-1.1142496634650632 -0.728690532220555 -1.0240735768383498 
-0.9462372506108018 0.10793705271408024 -0.953039042865991 
-0.42942505101065387 -0.02605665756338306 0.0035464270939712383 
-0.9713826488200352 0.0247392376799159 -1.0611545412594878 
-1.1156196298513925 0.016547250691120577 -1.0724976238931179 
-1.0598778552921166 -0.6136407759948177 -1.0742736366487664 
0.007166510251026714 0.03424871670284817 -0.7059948499830044 
-0.9388709411935663 -0.0073801870874503905 -0.8841634889756917 
-1.0667192849362002 0.05436129523149946 -1.08135578123166 
-1.0737149639024461 -0.9747477825837285 -1.1535875709967316 
-0.9946552704225589 -0.8599094947527938 -1.0635621015864936 
-1.0495264593529376 0.03613614135092332 -1.1219672427695688 
-0.6489735541093887 6.733527646299309E-4 0.00934738231301624 
-0.014395023753701719 0.017031647069883638 -0.730210703921863 
-0.02446419852655013 0.028740219898790498 -1.0638638214105742 
-0.8761399695829388 -0.08035021447657809 -1.0312473831491062 
-1.1287010645923816 -0.018766341466750436 -0.4895140944205727 
-1.136111053152606 -0.9118626708594235 -1.1236646170435258 
-1.0690225147997592 -1.060935975011213 -1.1761331988008492 
-0.8258034319763957 -0.008284172744927279 -0.9930744078448824 
-1.0499984088023806 -0.6967572195413334 -1.0718475244473975 
-1.1224360905453692 -1.068013271653441 -1.1799426623753544 
0.010981826510375825 0.037487638439888116 -0.04993321975285578 
-0.9800195831760199 -0.012637370972916284 -0.8187892327511732 
-1.109236101796493 -0.648850743796918 -1.0473936296582709 
-1.0679474470595574 0.05436129523149946 -1.08135578123166 
-1.0265542285152738 -0.9275409759834979 -1.169030190756906 
-1.0584323074729698 -0.7119792167874113 -1.0742736366487664 
-1.0818400566028399 -0.7550790379518426 -1.0469066790409947 
-0.9048678770442142 -0.016260299479521567 0.01891370826522197 
-1.0984233176509288 -1.0975580277279242 -1.1799426623753544 
-1.0648098862219892 -0.007598743217432702 -1.0474211909839277 
-0.9136245300853096 -0.002417490364141628 -1.0002790534372643 
-1.109236101796493 -0.648850743796918 -1.0474693102591324 
-1.0489749298825168 -1.0598929287124745 -1.0641802405857648 
-0.9136245300853096 -0.002417490364141628 -1.0002790534372643 
-0.021601771204350917 9.675579121260006E-4 -0.42025398453207735 
-1.058491146812573 -0.04961601079253197 -0.8432376734825731 
-0.9136245300853096 -0.002417490364141628 -1.0002790534372643 
-0.01243033109774938 -0.023172414597324182 -0.808444341338167 
-1.1035667413222634 -1.1073397598276526 -1.0847115429855874 
-1.0500942549421537 -0.6967572195413334 -1.0715014881578662 
-1.1399508791578006 -0.865502616369675 -1.0575029246246466 
-0.7349524982081572 -0.042815006405461764 -1.0342744494452507 
-1.0598778552921166 -0.7175712867145255 -1.0742736366487664 
-1.1299885447246807 -0.867381206521499 -1.1433993248612642 
-1.1478111105260225 -0.867381206521499 -1.1411168714900488 
-1.0670253602560218 -0.054953935434494144 -1.0783392241457244 
-1.0437003891383247 0.03587928579563979 -0.026574755445506693 
-1.109236101796493 -0.8460681853502392 -1.0473936296582709 
-1.0500942549421537 -0.04637854533150168 -1.0846919846152674 
-0.02889139394410556 0.020400417738136473 -1.029761118342943 
-1.130373527465071 -0.8755035882873331 -1.0089215734940926 
-0.05381455944334684 0.005055159010381692 -1.0319153746337184 
-1.0832955327057636 -0.9963101878026688 -0.9908534962763845 
-1.1234809459375392 -0.8822583306075067 -1.0366487500594272 
-1.0699471627975943 0.004803541516193832 -0.8879961578050803 
-1.0590331330110352 -0.010201030061977812 -1.0513016380639866 
-1.129481774758383 -0.01473937863598479 -1.047970633316072 
-0.013116604999830583 -0.024640574683442884 -1.1801085157058928 
-1.0440336094100584 -1.019847295958499 -1.0718925538642052 
-0.642677407774529 0.00558661909567576 -1.1077822209349408 
-1.068260014427917 0.029382672273387218 -0.819086346052649 
0.007420087358088412 0.009058084363558205 -0.9471794148975576 
-1.1342999496177275 -0.9241935811225982 -1.0883360219768445 
-1.049220307341961 0.005105318364913958 -1.0230401305828485 
-1.1331179505102427 0.01621976048089646 -1.1572371322970048 
-0.8610667393483193 -0.026197001852906576 -0.006032679485609649 
-1.109236101796493 -0.8460681853502392 -1.0473936296582709 
-1.109236101796493 -0.6644452553076845 -1.0473936296582709 
-0.5304866929031093 0.037487638439888116 -0.05967117029104663 
-0.8974402267608079 0.005558745605258708 -0.8753736198348359 
-1.015820575473626 0.00558661909567576 -0.9129500843508641 
-0.9683414797508643 -0.9901402455862047 -1.081744646889931 
-1.0265542285152738 -0.9275409759834979 -1.169030190756906 
-0.9388709411935663 -0.0073801870874503905 -0.8841634889756917 
-1.0515059847629913 -0.0015929429529766004 -0.5931150076261982 
-1.0038395332077656 -0.01605649370930326 -0.00904055056038 
-1.1567303062501664 0.03983248686757834 -1.1323251114464619 
-0.8438012002327667 0.011603706281128334 -0.946949724559827 
-0.9238665554427551 -0.002417490364141628 -1.0002790534372643 
-1.0688725051749723 0.037487638439888116 -0.6114828098391689 
-1.1272581581839707 -0.516630010943372 -1.11956504532585 
-0.9845307889895035 -0.023971879887346503 -0.8459716998094822 
-1.04263785330944 0.05837907124049896 -0.6729996903368892 
-0.007827555645044004 0.049332460017131374 -1.0357988831828118 
-0.8735650478086562 -0.07518101546171224 -0.987728958754913 
-1.074635316873045 -1.066654093497785 -1.0727235716010588 
-1.0694186500524443 0.037487638439888116 -0.951401507169457 
-1.0224432465119253 -0.870567856060019 -1.0367004041885173 
-0.6735879936861904 0.0183079109609523 -1.0642722560245605 
-1.1273151175619471 -0.9995621533825536 -0.9957882903738047 
-1.0598778552921166 -0.7119792167874113 -1.0742736366487664 
-0.9845307889895035 -0.023971879887346503 -0.8459716998094822 
-1.1629090624975988 -1.015429158103561 -1.1561574113737787 
-0.7095406376359231 -0.006219503024775197 -0.9930744078448824 
-0.9852594979085465 0.0031006286582413445 -1.0808220106603459 
-0.9688387412328393 0.019717437478627364 -1.0366237104177773 
-1.0622746469149325 -0.04745703757429398 -0.9270707998811638 
-0.971818811761759 -0.006952897804136847 -1.061488856255549 
-1.1224360905453692 -1.068013271653441 -1.1799426623753544 
-1.0407509244880258 -0.018607686655232936 -0.7987464433635414 
-1.0664697986365557 -0.8144923546056573 -1.0383363085200434 
-1.0699782345623359 0.05688848896559878 -1.0586508221769209 
-1.1732793813817668 -1.0917767739569348 -1.1393875813165093 
-1.063034273461418 0.006077358561796711 -1.0475419246514017 
-0.013580111190021196 -0.025134413979146508 -0.6996164620032317 
-0.7647541835172094 -0.0018733300281194923 -0.986023699534615 
-1.0474675143493943 -0.05344993930637698 -1.0027106621709267 
-1.1577268618470051 -0.7787238578122169 -1.0766050195741697 
-1.0618379703053247 -0.8304154764889415 -1.0154245180300032 
-1.0730526875826667 -0.0559171763394557 -1.0635621015864936 
-0.9838293628476683 -0.002417490364141628 -0.9304893507032423 
-1.0924306303347855 -0.648850743796918 -1.0473936296582709 
-1.151260679420758 -1.0055725081509808 -1.1692398161325823 
-1.0699782345623359 0.05436129523149946 -0.6320273096796607 
-1.109236101796493 -0.648850743796918 -1.0473936296582709 
-0.015112170419768756 -0.06532906095343449 -0.015787163931664155 
-1.0514129039088438 -0.8578919437044367 -1.0722267024569365 
-0.7095406376359231 -0.006219503024775197 -0.9930744078448824 
-1.0500942549421537 -0.6967572195413334 -1.0718475244473975 
-1.1150410901870769 -0.8488910874134222 -1.0769521908160073 
-0.018586901512368914 -0.010965011776210815 -0.46084685554227506 
-0.964793692963332 -0.006952897804136847 -0.00904055056038 
-1.0818400566028399 -0.7550790379518426 -1.0469066790409947 
-0.9136245300853096 -0.002417490364141628 -1.0002790534372643 
-0.8179768692788988 0.04143635267859258 0.038063776724847675 
-0.931033770437369 0.039310766747307824 -1.0524277438847776 
-1.058491146812573 -0.04961601079253197 -0.8406245514341253 
-0.8080443647431282 0.04829815574325924 -0.9748945389024648 
-0.025163966386732572 0.001226705297710684 -0.4373158087631517 
-0.9136245300853096 -0.002417490364141628 -1.0002790534372643 
-0.5786109005045814 -0.022916934943473022 -1.0894479873620986 
-1.0511756840655464 -0.9712343785875388 -1.149447545884025 
-0.9758940351838665 0.021139048760289603 -0.722064819592829 
-1.0721311190623128 -0.05344993930637698 -1.0635621015864936 
-1.173649962359706 -1.0917767739569348 -1.138741509416472 
-1.1035667413222634 -1.033740603355742 -1.08501898864343 
-0.9845307889895035 -0.023971879887346503 -0.8459716998094822 
-1.138263568265971 -0.8790992267612707 -1.0722267024569365 
-1.1569326102056483 -1.0096104181771406 -1.0312305940246158 
-1.138263568265971 -0.8578919437044367 -1.0722267024569365 
-1.0458393853997163 0.005105318364913958 -1.0230401305828485 
-0.9136245300853096 -0.002417490364141628 -1.0002790534372643 
-0.9198964670280139 -0.002417490364141628 -0.8386950479201165 
-1.0699782345623359 0.05436129523149946 -0.6320273096796607 
-1.1299885447246807 -0.867381206521499 -1.1411168714900488 
-0.013116604999830583 -0.024640574683442884 -0.5899930193449772 
-0.9845307889895035 -0.023971879887346503 -0.8459716998094822 
-1.151260679420758 -1.0055725081509808 -1.1692398161325823 
-1.109236101796493 -0.648850743796918 -1.0473936296582709 
-1.0699782345623359 0.05436129523149946 -1.08135578123166 
-1.138263568265971 -0.8578919437044367 -1.0722267024569365 
-0.9136245300853096 -0.002417490364141628 -1.0002790534372643 
-1.0262686210706677 -0.7270285102640621 -1.0642722560245605 
-0.01243033109774938 -0.02071725223477923 -0.6040887050386499 
-0.03098385774691459 -0.005076244885291459 -1.0812452692128616 
-0.6165302009045737 -0.022916934943473022 -0.020338996231614503 
-1.1035667413222634 -0.7028072407303345 -1.08501898864343 
-0.9136245300853096 -0.002417490364141628 -1.0002790534372643 
